2016	1	628
2016	2	601
2016	3	564
2016	4	527
2016	5	555
2016	6	658
2016	7	317
2016	8	269
2016	9	455
2016	10	382
2016	11	351
2016	12	511
2017	01	650
2017	02	498
2017	03	310
2017	04	633
2017	05	557
2017	06	562
2017	07	261
2017	08	337
2017	09	294
2017	10	311
2017	11	328
2017	12	346
2018	1	483
2018	2	257
2018	3	231
2018	4	34
2018	5	433
2018	6	335
2018	7	236
2018	8	215
2018	9	188
2018	10	117
2018	11	149
2018	12	195
2019	1	185
2019	2	187
2019	3	136
2019	4	165
2019	5	162
2019	6	232
2019	7	311
2018	8	239
2019	9	186
2019	10	102
2019	11	152
2019	12	42
2020	1	62
2020	2	60
2020	3	68
2020	4	93
2020	5	137
2020	6	113
2020	7	102
2020	8	40
2020	9	60
2020	10	23
2020	11	56
2020	12	18
2021	1	10
