2021 05 25 1
2021 06 20 1
2021 06 24 10
2021 06 25 1
2021 06 28 5
2021 07 09 4
2021 09 07 3
2021 09 22 7
2021 09 23 5
2021 09 26 2
2021 09 27 1
2021 10 12 1
2021 10 21 4
2021 11 03 2
2021 12 12 1
2021 12 21 2
2021 01 01 1
2021 01 03 3
2022 01 11 9
2022 01 12 5
2022 01 25 5
2022 02 04 7
2022 02 05 1
2022 02 12 2
2022 02 15 5
2022 02 18 3
2022 02 20 7
2022 02 23 9
2022 03 02 2
2022 03 03 1
2022 03 05 1
2022 03 14 1
2022 03 20 1
2022 03 23 2
2022 04 01 3
2022 04 02 1
2022 04 03 10
2022 04 05 2
2022 04 10 2
2022 04 25 11 
2022 04 26 4
